exists?
0.0000036 <-- [2, 1, 1]
0.0000036 <-- [1, 1, 2]
0.0000036 <-- [3, 1]
0.0000038 <-- [2, 2]
0.0000049 <-- [1, 1, 1, 1]
0.0000049 <-- [1, 3]
0.0000055 <-- [4]
0.0000059 <-- [1, 2, 1]

read
0.0000124 <-- [2, 1, 1]
0.0000124 <-- [1, 1, 2]
0.0000127 <-- [2, 2]
0.0000130 <-- [3, 1]
0.0000151 <-- [1, 1, 1, 1]
0.0000162 <-- [1, 3]
0.0000246 <-- [4]
0.0000312 <-- [1, 2, 1]

write
0.0000153 <-- [2, 2]
0.0000156 <-- [1, 1, 2]
0.0000177 <-- [4]
0.0000178 <-- [3, 1]
0.0000211 <-- [1, 3]
0.0000216 <-- [2, 1, 1]
0.0000242 <-- [1, 1, 1, 1]
0.0000322 <-- [1, 2, 1]

all
0.0000105 <-- [1, 1, 2]
0.0000106 <-- [2, 2]
0.0000115 <-- [3, 1]
0.0000125 <-- [2, 1, 1]
0.0000141 <-- [1, 3]
0.0000148 <-- [1, 1, 1, 1]
0.0000159 <-- [4]
0.0000231 <-- [1, 2, 1]