id_size=6
all_max=10000
sample_max=3
.........................................................................................................................................................................................................................................................................................................................................
exists?
0.0000033 <-- [1, 2, 2, 1]
0.0000034 <-- [1, 4, 1]
0.0000034 <-- [2, 1, 2, 1]
0.0000035 <-- [2, 2, 2]
0.0000035 <-- [1, 3, 2]
0.0000035 <-- [1, 1, 3, 1]
0.0000036 <-- [1, 1, 1, 3]
0.0000038 <-- [3, 2, 1]
0.0000038 <-- [2, 4]
0.0000039 <-- [1, 5]
0.0000039 <-- [3, 1, 1, 1]
0.0000039 <-- [1, 1, 4]
0.0000039 <-- [4, 2]
0.0000040 <-- [3, 1, 2]
0.0000040 <-- [1, 1, 1, 2, 1]
0.0000041 <-- [1, 1, 1, 1, 1, 1]
0.0000041 <-- [5, 1]
0.0000041 <-- [2, 1, 1, 2]
0.0000043 <-- [1, 1, 1, 1, 2]
0.0000043 <-- [1, 2, 1, 1, 1]
0.0000044 <-- [2, 3, 1]
0.0000044 <-- [2, 1, 1, 1, 1]
0.0000044 <-- [3, 3]
0.0000045 <-- [6]
0.0000045 <-- [1, 3, 1, 1]
0.0000045 <-- [4, 1, 1]
0.0000051 <-- [1, 1, 2, 1, 1]
0.0000052 <-- [2, 1, 3]
0.0000056 <-- [2, 2, 1, 1]
0.0000057 <-- [1, 2, 1, 2]
0.0000063 <-- [1, 1, 2, 2]
0.0000063 <-- [1, 2, 3]

read
0.0000101 <-- [3, 2, 1]
0.0000102 <-- [4, 1, 1]
0.0000108 <-- [3, 1, 2]
0.0000108 <-- [2, 4]
0.0000108 <-- [1, 1, 1, 3]
0.0000109 <-- [2, 1, 2, 1]
0.0000109 <-- [1, 2, 2, 1]
0.0000110 <-- [1, 4, 1]
0.0000110 <-- [1, 1, 3, 1]
0.0000110 <-- [1, 5]
0.0000112 <-- [2, 2, 1, 1]
0.0000115 <-- [1, 3, 2]
0.0000115 <-- [1, 1, 1, 1, 1, 1]
0.0000115 <-- [1, 1, 1, 2, 1]
0.0000117 <-- [1, 1, 1, 1, 2]
0.0000118 <-- [2, 3, 1]
0.0000118 <-- [5, 1]
0.0000118 <-- [1, 2, 3]
0.0000118 <-- [1, 1, 4]
0.0000119 <-- [1, 2, 1, 1, 1]
0.0000120 <-- [4, 2]
0.0000125 <-- [2, 1, 3]
0.0000125 <-- [1, 2, 1, 2]
0.0000126 <-- [2, 1, 1, 2]
0.0000126 <-- [3, 1, 1, 1]
0.0000127 <-- [3, 3]
0.0000128 <-- [6]
0.0000131 <-- [2, 1, 1, 1, 1]
0.0000139 <-- [1, 3, 1, 1]
0.0000150 <-- [1, 1, 2, 1, 1]
0.0000151 <-- [2, 2, 2]
0.0000170 <-- [1, 1, 2, 2]

write
0.0000135 <-- [2, 3, 1]
0.0000136 <-- [1, 2, 3]
0.0000143 <-- [2, 1, 2, 1]
0.0000144 <-- [2, 2, 1, 1]
0.0000144 <-- [1, 3, 2]
0.0000144 <-- [2, 2, 2]
0.0000144 <-- [1, 5]
0.0000144 <-- [4, 1, 1]
0.0000145 <-- [1, 2, 2, 1]
0.0000146 <-- [3, 2, 1]
0.0000147 <-- [3, 1, 2]
0.0000148 <-- [1, 1, 1, 1, 1, 1]
0.0000151 <-- [1, 1, 1, 3]
0.0000151 <-- [1, 4, 1]
0.0000152 <-- [2, 1, 1, 2]
0.0000153 <-- [1, 1, 3, 1]
0.0000155 <-- [1, 1, 4]
0.0000155 <-- [2, 4]
0.0000156 <-- [1, 1, 1, 1, 2]
0.0000160 <-- [6]
0.0000160 <-- [1, 1, 1, 2, 1]
0.0000161 <-- [2, 1, 3]
0.0000162 <-- [3, 1, 1, 1]
0.0000165 <-- [2, 1, 1, 1, 1]
0.0000166 <-- [3, 3]
0.0000167 <-- [1, 2, 1, 1, 1]
0.0000168 <-- [1, 2, 1, 2]
0.0000169 <-- [1, 3, 1, 1]
0.0000193 <-- [5, 1]
0.0000207 <-- [1, 1, 2, 1, 1]
0.0000213 <-- [4, 2]
0.0000233 <-- [1, 1, 2, 2]

all
0.0000095 <-- [2, 1, 2, 1]
0.0000095 <-- [3, 2, 1]
0.0000096 <-- [1, 2, 2, 1]
0.0000097 <-- [4, 1, 1]
0.0000098 <-- [1, 5]
0.0000098 <-- [1, 1, 1, 3]
0.0000098 <-- [3, 1, 2]
0.0000098 <-- [1, 3, 2]
0.0000098 <-- [1, 4, 1]
0.0000099 <-- [1, 1, 3, 1]
0.0000099 <-- [2, 3, 1]
0.0000100 <-- [2, 4]
0.0000101 <-- [1, 1, 1, 1, 1, 1]
0.0000104 <-- [2, 2, 1, 1]
0.0000104 <-- [1, 1, 4]
0.0000105 <-- [1, 1, 1, 2, 1]
0.0000106 <-- [1, 2, 3]
0.0000106 <-- [1, 1, 1, 1, 2]
0.0000107 <-- [2, 1, 1, 2]
0.0000109 <-- [3, 1, 1, 1]
0.0000110 <-- [1, 2, 1, 1, 1]
0.0000110 <-- [2, 2, 2]
0.0000111 <-- [6]
0.0000112 <-- [3, 3]
0.0000112 <-- [2, 1, 3]
0.0000113 <-- [2, 1, 1, 1, 1]
0.0000117 <-- [5, 1]
0.0000117 <-- [1, 2, 1, 2]
0.0000117 <-- [1, 3, 1, 1]
0.0000124 <-- [4, 2]
0.0000136 <-- [1, 1, 2, 1, 1]
0.0000155 <-- [1, 1, 2, 2]

