id_size=6
all_max=10000
sample_max=2
.........................................................................................................................................................................................
exists?
0.0000041 <-- [2, 2, 1, 1]
0.0000042 <-- [2, 1, 2, 1]
0.0000042 <-- [1, 2, 1, 2]
0.0000043 <-- [1, 1, 2, 2]
0.0000043 <-- [2, 1, 3]
0.0000043 <-- [1, 3, 1, 1]
0.0000043 <-- [1, 3, 2]
0.0000044 <-- [3, 1, 2]
0.0000045 <-- [1, 1, 3, 1]
0.0000045 <-- [2, 1, 1, 2]
0.0000046 <-- [1, 2, 3]
0.0000047 <-- [2, 2, 2]
0.0000047 <-- [1, 1, 1, 1, 2]
0.0000047 <-- [1, 2, 1, 1, 1]
0.0000048 <-- [3, 2, 1]
0.0000048 <-- [4, 2]
0.0000048 <-- [1, 1, 1, 1, 1, 1]
0.0000049 <-- [1, 4, 1]
0.0000049 <-- [2, 3, 1]
0.0000050 <-- [1, 1, 4]
0.0000051 <-- [1, 1, 2, 1, 1]
0.0000051 <-- [3, 1, 1, 1]
0.0000052 <-- [1, 1, 1, 2, 1]
0.0000052 <-- [3, 3]
0.0000053 <-- [4, 1, 1]
0.0000053 <-- [1, 5]
0.0000054 <-- [1, 2, 2, 1]
0.0000057 <-- [1, 1, 1, 3]
0.0000058 <-- [2, 1, 1, 1, 1]
0.0000060 <-- [6]
0.0000105 <-- [2, 4]
0.0000115 <-- [5, 1]

read
0.0000118 <-- [1, 1, 1, 2, 1]
0.0000118 <-- [2, 2, 1, 1]
0.0000118 <-- [2, 1, 2, 1]
0.0000119 <-- [2, 1, 1, 2]
0.0000119 <-- [1, 1, 1, 3]
0.0000120 <-- [1, 3, 1, 1]
0.0000121 <-- [2, 1, 3]
0.0000121 <-- [1, 1, 1, 1, 2]
0.0000121 <-- [1, 3, 2]
0.0000123 <-- [1, 1, 1, 1, 1, 1]
0.0000127 <-- [4, 2]
0.0000127 <-- [5, 1]
0.0000128 <-- [1, 1, 3, 1]
0.0000128 <-- [2, 2, 2]
0.0000128 <-- [1, 1, 4]
0.0000129 <-- [3, 1, 1, 1]
0.0000131 <-- [3, 1, 2]
0.0000132 <-- [2, 3, 1]
0.0000134 <-- [1, 1, 2, 2]
0.0000134 <-- [1, 1, 2, 1, 1]
0.0000134 <-- [1, 5]
0.0000135 <-- [4, 1, 1]
0.0000138 <-- [1, 2, 2, 1]
0.0000144 <-- [6]
0.0000146 <-- [1, 2, 1, 1, 1]
0.0000148 <-- [1, 2, 1, 2]
0.0000149 <-- [2, 1, 1, 1, 1]
0.0000155 <-- [1, 2, 3]
0.0000156 <-- [2, 4]
0.0000159 <-- [3, 2, 1]
0.0000159 <-- [3, 3]
0.0000162 <-- [1, 4, 1]

write
0.0000150 <-- [1, 2, 1, 2]
0.0000155 <-- [2, 1, 1, 2]
0.0000156 <-- [1, 3, 2]
0.0000157 <-- [1, 2, 3]
0.0000159 <-- [1, 1, 1, 3]
0.0000161 <-- [1, 1, 1, 2, 1]
0.0000161 <-- [1, 1, 1, 1, 2]
0.0000163 <-- [3, 1, 1, 1]
0.0000166 <-- [5, 1]
0.0000170 <-- [4, 1, 1]
0.0000170 <-- [1, 1, 2, 1, 1]
0.0000170 <-- [1, 5]
0.0000171 <-- [2, 2, 1, 1]
0.0000172 <-- [3, 2, 1]
0.0000174 <-- [1, 1, 2, 2]
0.0000178 <-- [3, 3]
0.0000179 <-- [1, 2, 1, 1, 1]
0.0000180 <-- [2, 1, 2, 1]
0.0000180 <-- [2, 1, 1, 1, 1]
0.0000181 <-- [1, 1, 4]
0.0000181 <-- [1, 4, 1]
0.0000182 <-- [3, 1, 2]
0.0000182 <-- [2, 1, 3]
0.0000185 <-- [1, 1, 1, 1, 1, 1]
0.0000187 <-- [6]
0.0000189 <-- [1, 2, 2, 1]
0.0000196 <-- [1, 1, 3, 1]
0.0000199 <-- [2, 4]
0.0000231 <-- [2, 2, 2]
0.0000251 <-- [2, 3, 1]
0.0000251 <-- [4, 2]
0.0000257 <-- [1, 3, 1, 1]

all
0.0000106 <-- [2, 1, 1, 2]
0.0000107 <-- [1, 3, 2]
0.0000110 <-- [2, 2, 1, 1]
0.0000110 <-- [1, 1, 1, 2, 1]
0.0000110 <-- [1, 1, 1, 1, 2]
0.0000112 <-- [1, 1, 1, 3]
0.0000114 <-- [3, 1, 1, 1]
0.0000114 <-- [1, 2, 1, 2]
0.0000114 <-- [2, 1, 2, 1]
0.0000115 <-- [2, 1, 3]
0.0000117 <-- [1, 1, 2, 2]
0.0000118 <-- [1, 1, 2, 1, 1]
0.0000119 <-- [1, 1, 1, 1, 1, 1]
0.0000119 <-- [4, 1, 1]
0.0000119 <-- [3, 1, 2]
0.0000119 <-- [1, 5]
0.0000120 <-- [1, 2, 3]
0.0000120 <-- [1, 1, 4]
0.0000123 <-- [1, 1, 3, 1]
0.0000124 <-- [1, 2, 1, 1, 1]
0.0000126 <-- [3, 2, 1]
0.0000127 <-- [1, 2, 2, 1]
0.0000129 <-- [2, 1, 1, 1, 1]
0.0000130 <-- [1, 4, 1]
0.0000130 <-- [3, 3]
0.0000130 <-- [6]
0.0000135 <-- [2, 2, 2]
0.0000136 <-- [5, 1]
0.0000140 <-- [1, 3, 1, 1]
0.0000142 <-- [4, 2]
0.0000144 <-- [2, 3, 1]
0.0000153 <-- [2, 4]
