$ ./sh/run_id_split_timer.sh 4 5000 8
pruning out >2

exists?
0.0000042 <-- [1, 1, 1, 1]
0.0000043 <-- [2, 1, 1]
0.0000076 <-- [1, 2, 1]
0.0000077 <-- [1, 1, 2]
0.0000084 <-- [2, 2]

read
0.0000140 <-- [2, 1, 1]
0.0000152 <-- [1, 1, 1, 1]
0.0000159 <-- [1, 1, 2]
0.0000163 <-- [2, 2]
0.0000167 <-- [1, 2, 1]

write
0.0000181 <-- [1, 1, 1, 1]
0.0000205 <-- [2, 1, 1]
0.0000224 <-- [1, 2, 1]
0.0000240 <-- [1, 1, 2]
0.0000267 <-- [2, 2]

all
0.0000125 <-- [1, 1, 1, 1]
0.0000129 <-- [2, 1, 1]
0.0000156 <-- [1, 2, 1]
0.0000159 <-- [1, 1, 2]
0.0000171 <-- [2, 2]