n=5
max=2000
sample=3
....................................
exists?
0.0000025 <-- [1, 2, 2]
0.0000025 <-- [1, 1, 1, 2]
0.0000025 <-- [2, 1, 2]
0.0000026 <-- [1, 2, 1, 1]
0.0000028 <-- [2, 2, 1]
0.0000028 <-- [2, 3]
0.0000029 <-- [1, 4]
0.0000029 <-- [1, 1, 2, 1]
0.0000029 <-- [4, 1]
0.0000030 <-- [2, 1, 1, 1]
0.0000030 <-- [3, 1, 1]
0.0000033 <-- [3, 2]
0.0000034 <-- [1, 3, 1]
0.0000035 <-- [1, 1, 3]
0.0000035 <-- [1, 1, 1, 1, 1]
0.0000046 <-- [5]

read
0.0000108 <-- [2, 3]
0.0000111 <-- [1, 4]
0.0000114 <-- [1, 1, 1, 1, 1]
0.0000115 <-- [2, 1, 1, 1]
0.0000115 <-- [1, 2, 1, 1]
0.0000115 <-- [1, 1, 3]
0.0000116 <-- [2, 2, 1]
0.0000118 <-- [3, 2]
0.0000122 <-- [5]
0.0000123 <-- [1, 1, 2, 1]
0.0000124 <-- [1, 2, 2]
0.0000125 <-- [2, 1, 2]
0.0000128 <-- [1, 3, 1]
0.0000135 <-- [4, 1]
0.0000136 <-- [3, 1, 1]
0.0000174 <-- [1, 1, 1, 2]

write
0.0000141 <-- [2, 3]
0.0000146 <-- [1, 2, 2]
0.0000148 <-- [2, 1, 1, 1]
0.0000148 <-- [1, 1, 3]
0.0000149 <-- [2, 2, 1]
0.0000152 <-- [1, 1, 1, 2]
0.0000154 <-- [1, 2, 1, 1]
0.0000154 <-- [3, 1, 1]
0.0000155 <-- [2, 1, 2]
0.0000156 <-- [3, 2]
0.0000156 <-- [4, 1]
0.0000157 <-- [1, 1, 2, 1]
0.0000162 <-- [5]
0.0000178 <-- [1, 3, 1]
0.0000178 <-- [1, 4]
0.0000237 <-- [1, 1, 1, 1, 1]

all
0.0000277 <-- [2, 3]
0.0000293 <-- [2, 2, 1]
0.0000293 <-- [2, 1, 1, 1]
0.0000295 <-- [1, 2, 2]
0.0000295 <-- [1, 2, 1, 1]
0.0000298 <-- [1, 1, 3]
0.0000305 <-- [2, 1, 2]
0.0000307 <-- [3, 2]
0.0000309 <-- [1, 1, 2, 1]
0.0000318 <-- [1, 4]
0.0000320 <-- [4, 1]
0.0000320 <-- [3, 1, 1]
0.0000330 <-- [5]
0.0000340 <-- [1, 3, 1]
0.0000351 <-- [1, 1, 1, 2]
0.0000386 <-- [1, 1, 1, 1, 1]