n=6
max=1000
sample=6
.............................................................................................................................................................................................................................................................................................................................................................................................................................................................................................................................................................................................................................................................................................................................................................................................................................................................
exists?
0.0000024 <-- [2, 4]
0.0000024 <-- [1, 5]
0.0000025 <-- [1, 3, 2]
0.0000026 <-- [1, 1, 4]
0.0000027 <-- [2, 3, 1]
0.0000027 <-- [3, 2, 1]
0.0000027 <-- [1, 2, 3]
0.0000027 <-- [3, 1, 2]
0.0000029 <-- [1, 3, 1, 1]
0.0000029 <-- [2, 2, 2]
0.0000029 <-- [4, 2]
0.0000031 <-- [2, 1, 3]
0.0000031 <-- [1, 2, 2, 1]
0.0000031 <-- [2, 2, 1, 1]
0.0000031 <-- [2, 1, 2, 1]
0.0000032 <-- [1, 1, 1, 3]
0.0000032 <-- [1, 2, 1, 2]
0.0000032 <-- [3, 1, 1, 1]
0.0000032 <-- [4, 1, 1]
0.0000033 <-- [1, 2, 1, 1, 1]
0.0000034 <-- [1, 1, 2, 2]
0.0000034 <-- [6]
0.0000035 <-- [3, 3]
0.0000035 <-- [2, 1, 1, 1, 1]
0.0000035 <-- [1, 4, 1]
0.0000035 <-- [1, 1, 3, 1]
0.0000036 <-- [1, 1, 2, 1, 1]
0.0000038 <-- [1, 1, 1, 2, 1]
0.0000038 <-- [1, 1, 1, 1, 2]
0.0000038 <-- [1, 1, 1, 1, 1, 1]
0.0000055 <-- [2, 1, 1, 2]
0.0000059 <-- [5, 1]

read
0.0000100 <-- [3, 3]
0.0000108 <-- [3, 2, 1]
0.0000108 <-- [2, 4]
0.0000111 <-- [2, 2, 2]
0.0000111 <-- [2, 3, 1]
0.0000113 <-- [1, 1, 4]
0.0000114 <-- [6]
0.0000115 <-- [3, 1, 2]
0.0000119 <-- [1, 3, 2]
0.0000120 <-- [1, 2, 3]
0.0000120 <-- [3, 1, 1, 1]
0.0000120 <-- [2, 1, 3]
0.0000121 <-- [1, 2, 2, 1]
0.0000121 <-- [2, 1, 2, 1]
0.0000123 <-- [1, 1, 1, 3]
0.0000124 <-- [4, 2]
0.0000126 <-- [1, 4, 1]
0.0000128 <-- [2, 1, 1, 2]
0.0000129 <-- [1, 3, 1, 1]
0.0000130 <-- [2, 2, 1, 1]
0.0000132 <-- [1, 1, 2, 2]
0.0000132 <-- [1, 1, 3, 1]
0.0000133 <-- [1, 2, 1, 1, 1]
0.0000134 <-- [1, 5]
0.0000136 <-- [2, 1, 1, 1, 1]
0.0000137 <-- [1, 1, 1, 1, 2]
0.0000139 <-- [5, 1]
0.0000139 <-- [1, 1, 1, 1, 1, 1]
0.0000139 <-- [1, 1, 1, 2, 1]
0.0000140 <-- [1, 2, 1, 2]
0.0000141 <-- [1, 1, 2, 1, 1]
0.0000182 <-- [4, 1, 1]

write
0.0000142 <-- [2, 2, 2]
0.0000143 <-- [2, 3, 1]
0.0000147 <-- [2, 4]
0.0000148 <-- [1, 5]
0.0000149 <-- [3, 2, 1]
0.0000150 <-- [1, 2, 3]
0.0000155 <-- [3, 1, 2]
0.0000156 <-- [1, 1, 1, 3]
0.0000156 <-- [1, 2, 2, 1]
0.0000157 <-- [6]
0.0000157 <-- [2, 1, 2, 1]
0.0000158 <-- [1, 4, 1]
0.0000159 <-- [3, 1, 1, 1]
0.0000163 <-- [4, 2]
0.0000164 <-- [1, 3, 1, 1]
0.0000165 <-- [2, 1, 1, 2]
0.0000168 <-- [4, 1, 1]
0.0000169 <-- [1, 1, 3, 1]
0.0000171 <-- [1, 1, 2, 1, 1]
0.0000171 <-- [1, 3, 2]
0.0000172 <-- [3, 3]
0.0000173 <-- [1, 2, 1, 1, 1]
0.0000175 <-- [1, 1, 1, 2, 1]
0.0000175 <-- [1, 1, 1, 1, 1, 1]
0.0000177 <-- [2, 1, 1, 1, 1]
0.0000177 <-- [1, 2, 1, 2]
0.0000177 <-- [1, 1, 4]
0.0000178 <-- [1, 1, 1, 1, 2]
0.0000188 <-- [1, 1, 2, 2]
0.0000199 <-- [2, 2, 1, 1]
0.0000215 <-- [2, 1, 3]
0.0000557 <-- [5, 1]

all
0.0000279 <-- [2, 4]
0.0000281 <-- [2, 3, 1]
0.0000282 <-- [2, 2, 2]
0.0000284 <-- [3, 2, 1]
0.0000297 <-- [3, 1, 2]
0.0000297 <-- [1, 2, 3]
0.0000305 <-- [6]
0.0000306 <-- [1, 5]
0.0000307 <-- [3, 3]
0.0000308 <-- [1, 2, 2, 1]
0.0000309 <-- [2, 1, 2, 1]
0.0000311 <-- [1, 1, 1, 3]
0.0000311 <-- [3, 1, 1, 1]
0.0000315 <-- [1, 3, 2]
0.0000316 <-- [4, 2]
0.0000316 <-- [1, 1, 4]
0.0000319 <-- [1, 4, 1]
0.0000322 <-- [1, 3, 1, 1]
0.0000336 <-- [1, 1, 3, 1]
0.0000339 <-- [1, 2, 1, 1, 1]
0.0000348 <-- [1, 1, 2, 1, 1]
0.0000348 <-- [2, 1, 1, 1, 1]
0.0000348 <-- [2, 1, 1, 2]
0.0000349 <-- [1, 2, 1, 2]
0.0000352 <-- [1, 1, 1, 1, 1, 1]
0.0000352 <-- [1, 1, 1, 2, 1]
0.0000353 <-- [1, 1, 1, 1, 2]
0.0000354 <-- [1, 1, 2, 2]
0.0000360 <-- [2, 2, 1, 1]
0.0000366 <-- [2, 1, 3]
0.0000382 <-- [4, 1, 1]
0.0000755 <-- [5, 1]