n=6
max=1000
sample=3
...................................................................................................................................
exists?
0.0000027 <-- [3, 1, 1, 1]
0.0000027 <-- [1, 2, 1, 2]
0.0000027 <-- [4, 1, 1]
0.0000027 <-- [2, 1, 1, 2]
0.0000030 <-- [1, 1, 1, 2, 1]
0.0000030 <-- [1, 3, 1, 1]
0.0000030 <-- [2, 1, 2, 1]
0.0000030 <-- [2, 1, 1, 1, 1]
0.0000030 <-- [5, 1]
0.0000030 <-- [3, 3]
0.0000031 <-- [2, 4]
0.0000032 <-- [3, 1, 2]
0.0000032 <-- [1, 5]
0.0000032 <-- [3, 2, 1]
0.0000033 <-- [1, 2, 2, 1]
0.0000034 <-- [1, 3, 2]
0.0000034 <-- [1, 1, 1, 3]
0.0000034 <-- [1, 1, 1, 1, 2]
0.0000034 <-- [2, 1, 3]
0.0000034 <-- [1, 1, 2, 1, 1]
0.0000035 <-- [1, 2, 1, 1, 1]
0.0000036 <-- [1, 1, 4]
0.0000036 <-- [2, 2, 2]
0.0000036 <-- [1, 2, 3]
0.0000036 <-- [2, 2, 1, 1]
0.0000036 <-- [1, 4, 1]
0.0000037 <-- [2, 3, 1]
0.0000037 <-- [1, 1, 1, 1, 1, 1]
0.0000046 <-- [4, 2]
0.0000046 <-- [1, 1, 3, 1]
0.0000052 <-- [6]
0.0000078 <-- [1, 1, 2, 2]

read
0.0000105 <-- [2, 1, 1, 2]
0.0000108 <-- [2, 4]
0.0000109 <-- [1, 1, 1, 2, 1]
0.0000109 <-- [3, 1, 1, 1]
0.0000110 <-- [1, 3, 1, 1]
0.0000110 <-- [1, 5]
0.0000111 <-- [1, 2, 1, 2]
0.0000111 <-- [1, 2, 3]
0.0000111 <-- [1, 4, 1]
0.0000111 <-- [2, 2, 2]
0.0000112 <-- [1, 1, 1, 3]
0.0000112 <-- [4, 1, 1]
0.0000114 <-- [2, 1, 3]
0.0000115 <-- [1, 3, 2]
0.0000118 <-- [2, 1, 2, 1]
0.0000118 <-- [1, 1, 1, 1, 2]
0.0000119 <-- [3, 2, 1]
0.0000121 <-- [1, 2, 1, 1, 1]
0.0000122 <-- [1, 2, 2, 1]
0.0000122 <-- [1, 1, 4]
0.0000123 <-- [1, 1, 1, 1, 1, 1]
0.0000126 <-- [2, 1, 1, 1, 1]
0.0000129 <-- [1, 1, 2, 2]
0.0000130 <-- [2, 2, 1, 1]
0.0000131 <-- [1, 1, 3, 1]
0.0000134 <-- [3, 1, 2]
0.0000136 <-- [6]
0.0000149 <-- [4, 2]
0.0000149 <-- [5, 1]
0.0000152 <-- [3, 3]
0.0000154 <-- [2, 3, 1]
0.0000232 <-- [1, 1, 2, 1, 1]

write
0.0000138 <-- [4, 1, 1]
0.0000140 <-- [5, 1]
0.0000143 <-- [1, 2, 3]
0.0000144 <-- [2, 1, 2, 1]
0.0000146 <-- [2, 2, 2]
0.0000148 <-- [1, 1, 1, 3]
0.0000148 <-- [2, 1, 1, 2]
0.0000148 <-- [1, 2, 1, 1, 1]
0.0000148 <-- [2, 1, 3]
0.0000151 <-- [1, 1, 2, 1, 1]
0.0000152 <-- [1, 4, 1]
0.0000155 <-- [3, 1, 1, 1]
0.0000155 <-- [2, 2, 1, 1]
0.0000158 <-- [1, 2, 2, 1]
0.0000158 <-- [2, 1, 1, 1, 1]
0.0000161 <-- [1, 1, 4]
0.0000162 <-- [1, 1, 2, 2]
0.0000167 <-- [1, 1, 1, 1, 2]
0.0000167 <-- [3, 2, 1]
0.0000168 <-- [1, 1, 3, 1]
0.0000180 <-- [6]
0.0000182 <-- [1, 3, 1, 1]
0.0000183 <-- [1, 5]
0.0000186 <-- [2, 3, 1]
0.0000190 <-- [1, 3, 2]
0.0000193 <-- [1, 1, 1, 2, 1]
0.0000196 <-- [3, 1, 2]
0.0000197 <-- [1, 1, 1, 1, 1, 1]
0.0000199 <-- [4, 2]
0.0000221 <-- [3, 3]
0.0000225 <-- [1, 2, 1, 2]
0.0000493 <-- [2, 4]

all
0.0000277 <-- [4, 1, 1]
0.0000280 <-- [2, 1, 1, 2]
0.0000290 <-- [1, 2, 3]
0.0000291 <-- [3, 1, 1, 1]
0.0000292 <-- [2, 1, 2, 1]
0.0000293 <-- [2, 2, 2]
0.0000294 <-- [1, 1, 1, 3]
0.0000296 <-- [2, 1, 3]
0.0000299 <-- [1, 4, 1]
0.0000304 <-- [1, 2, 1, 1, 1]
0.0000313 <-- [1, 2, 2, 1]
0.0000314 <-- [2, 1, 1, 1, 1]
0.0000318 <-- [3, 2, 1]
0.0000319 <-- [1, 1, 4]
0.0000319 <-- [1, 1, 1, 1, 2]
0.0000319 <-- [5, 1]
0.0000321 <-- [2, 2, 1, 1]
0.0000322 <-- [1, 3, 1, 1]
0.0000325 <-- [1, 5]
0.0000332 <-- [1, 1, 1, 2, 1]
0.0000339 <-- [1, 3, 2]
0.0000345 <-- [1, 1, 3, 1]
0.0000357 <-- [1, 1, 1, 1, 1, 1]
0.0000362 <-- [3, 1, 2]
0.0000363 <-- [1, 2, 1, 2]
0.0000368 <-- [6]
0.0000369 <-- [1, 1, 2, 2]
0.0000377 <-- [2, 3, 1]
0.0000394 <-- [4, 2]
0.0000403 <-- [3, 3]
0.0000417 <-- [1, 1, 2, 1, 1]
0.0000632 <-- [2, 4]
