n=6
max=10000
sample=2
.........................................................................................................................................................................................
exists?
0.0000028 <-- [1, 1, 2, 2]
0.0000028 <-- [3, 1, 1, 1]
0.0000028 <-- [1, 1, 2, 1, 1]
0.0000028 <-- [1, 1, 1, 2, 1]
0.0000029 <-- [2, 1, 1, 1, 1]
0.0000029 <-- [1, 2, 2, 1]
0.0000029 <-- [2, 1, 1, 2]
0.0000029 <-- [2, 2, 1, 1]
0.0000030 <-- [4, 1, 1]
0.0000030 <-- [3, 2, 1]
0.0000030 <-- [3, 1, 2]
0.0000030 <-- [1, 1, 1, 3]
0.0000030 <-- [2, 2, 2]
0.0000032 <-- [1, 2, 3]
0.0000032 <-- [1, 1, 1, 1, 1, 1]
0.0000033 <-- [1, 1, 1, 1, 2]
0.0000033 <-- [1, 1, 4]
0.0000033 <-- [1, 3, 2]
0.0000033 <-- [1, 1, 3, 1]
0.0000034 <-- [1, 2, 1, 1, 1]
0.0000035 <-- [5, 1]
0.0000036 <-- [2, 3, 1]
0.0000037 <-- [2, 1, 3]
0.0000037 <-- [3, 3]
0.0000039 <-- [4, 2]
0.0000040 <-- [2, 4]
0.0000041 <-- [1, 4, 1]
0.0000044 <-- [1, 5]
0.0000051 <-- [1, 3, 1, 1]
0.0000051 <-- [1, 2, 1, 2]
0.0000066 <-- [6]
0.0000078 <-- [2, 1, 2, 1]

read
0.0000104 <-- [2, 1, 1, 2]
0.0000104 <-- [1, 3, 1, 1]
0.0000105 <-- [3, 1, 1, 1]
0.0000105 <-- [1, 1, 2, 2]
0.0000106 <-- [1, 2, 3]
0.0000106 <-- [4, 1, 1]
0.0000106 <-- [3, 2, 1]
0.0000108 <-- [2, 2, 2]
0.0000109 <-- [1, 1, 1, 1, 1, 1]
0.0000110 <-- [2, 2, 1, 1]
0.0000112 <-- [1, 2, 2, 1]
0.0000112 <-- [1, 1, 1, 2, 1]
0.0000115 <-- [1, 1, 2, 1, 1]
0.0000116 <-- [5, 1]
0.0000117 <-- [1, 4, 1]
0.0000117 <-- [1, 3, 2]
0.0000118 <-- [2, 1, 1, 1, 1]
0.0000118 <-- [1, 1, 1, 3]
0.0000118 <-- [1, 2, 1, 1, 1]
0.0000121 <-- [1, 1, 4]
0.0000122 <-- [1, 1, 3, 1]
0.0000125 <-- [1, 5]
0.0000126 <-- [2, 1, 3]
0.0000127 <-- [4, 2]
0.0000131 <-- [3, 1, 2]
0.0000132 <-- [1, 1, 1, 1, 2]
0.0000135 <-- [2, 3, 1]
0.0000141 <-- [6]
0.0000147 <-- [2, 4]
0.0000166 <-- [3, 3]
0.0000191 <-- [1, 2, 1, 2]
0.0003277 <-- [2, 1, 2, 1]

write
0.0000132 <-- [2, 1, 1, 2]
0.0000134 <-- [1, 2, 2, 1]
0.0000138 <-- [3, 2, 1]
0.0000141 <-- [1, 2, 3]
0.0000142 <-- [2, 2, 2]
0.0000144 <-- [1, 1, 1, 2, 1]
0.0000147 <-- [1, 1, 2, 1, 1]
0.0000148 <-- [5, 1]
0.0000148 <-- [2, 1, 1, 1, 1]
0.0000150 <-- [1, 1, 2, 2]
0.0000150 <-- [1, 1, 1, 3]
0.0000153 <-- [1, 1, 1, 1, 1, 1]
0.0000154 <-- [1, 3, 1, 1]
0.0000154 <-- [3, 3]
0.0000155 <-- [1, 3, 2]
0.0000159 <-- [3, 1, 1, 1]
0.0000160 <-- [4, 2]
0.0000161 <-- [3, 1, 2]
0.0000161 <-- [2, 1, 3]
0.0000164 <-- [2, 2, 1, 1]
0.0000166 <-- [1, 4, 1]
0.0000166 <-- [2, 3, 1]
0.0000168 <-- [1, 1, 4]
0.0000173 <-- [6]
0.0000178 <-- [2, 4]
0.0000183 <-- [4, 1, 1]
0.0000190 <-- [1, 1, 3, 1]
0.0000238 <-- [1, 5]
0.0000241 <-- [1, 2, 1, 2]
0.0000301 <-- [1, 1, 1, 1, 2]
0.0000326 <-- [1, 2, 1, 1, 1]
0.0001091 <-- [2, 1, 2, 1]

all
0.0000265 <-- [2, 1, 1, 2]
0.0000274 <-- [3, 2, 1]
0.0000275 <-- [1, 2, 2, 1]
0.0000279 <-- [1, 2, 3]
0.0000280 <-- [2, 2, 2]
0.0000283 <-- [1, 1, 2, 2]
0.0000284 <-- [1, 1, 1, 2, 1]
0.0000290 <-- [1, 1, 2, 1, 1]
0.0000292 <-- [3, 1, 1, 1]
0.0000294 <-- [1, 1, 1, 1, 1, 1]
0.0000295 <-- [2, 1, 1, 1, 1]
0.0000298 <-- [1, 1, 1, 3]
0.0000299 <-- [5, 1]
0.0000303 <-- [2, 2, 1, 1]
0.0000305 <-- [1, 3, 2]
0.0000309 <-- [1, 3, 1, 1]
0.0000319 <-- [4, 1, 1]
0.0000322 <-- [3, 1, 2]
0.0000322 <-- [1, 1, 4]
0.0000324 <-- [2, 1, 3]
0.0000324 <-- [1, 4, 1]
0.0000326 <-- [4, 2]
0.0000337 <-- [2, 3, 1]
0.0000345 <-- [1, 1, 3, 1]
0.0000357 <-- [3, 3]
0.0000365 <-- [2, 4]
0.0000380 <-- [6]
0.0000407 <-- [1, 5]
0.0000466 <-- [1, 1, 1, 1, 2]
0.0000478 <-- [1, 2, 1, 1, 1]
0.0000483 <-- [1, 2, 1, 2]
0.0004446 <-- [2, 1, 2, 1]