n=6
max=6000
sample=1
...............................................................
exists?
0.0000072 <-- [5, 1]
0.0000073 <-- [1, 3, 2]
0.0000074 <-- [2, 2, 1, 1]
0.0000075 <-- [1, 1, 2, 1, 1]
0.0000076 <-- [1, 1, 1, 1, 2]
0.0000077 <-- [2, 3, 1]
0.0000077 <-- [1, 2, 1, 1, 1]
0.0000077 <-- [3, 3]
0.0000078 <-- [3, 1, 2]
0.0000078 <-- [2, 1, 3]
0.0000078 <-- [4, 2]
0.0000078 <-- [3, 2, 1]
0.0000079 <-- [2, 2, 2]
0.0000080 <-- [1, 1, 4]
0.0000080 <-- [1, 2, 1, 2]
0.0000080 <-- [1, 5]
0.0000081 <-- [2, 1, 1, 2]
0.0000083 <-- [1, 3, 1, 1]
0.0000083 <-- [3, 1, 1, 1]
0.0000088 <-- [1, 2, 3]
0.0000088 <-- [2, 1, 1, 1, 1]
0.0000089 <-- [1, 1, 1, 2, 1]
0.0000091 <-- [1, 4, 1]
0.0000093 <-- [1, 1, 1, 3]
0.0000094 <-- [1, 2, 2, 1]
0.0000094 <-- [2, 4]
0.0000109 <-- [6]
0.0000113 <-- [1, 1, 2, 2]
0.0000126 <-- [2, 1, 2, 1]
0.0000126 <-- [1, 1, 3, 1]
0.0000193 <-- [4, 1, 1]
0.0000358 <-- [1, 1, 1, 1, 1, 1]

read
0.0000169 <-- [2, 2, 1, 1]
0.0000170 <-- [1, 3, 2]
0.0000171 <-- [3, 2, 1]
0.0000171 <-- [1, 1, 2, 1, 1]
0.0000174 <-- [1, 2, 1, 1, 1]
0.0000175 <-- [1, 1, 4]
0.0000176 <-- [2, 2, 2]
0.0000176 <-- [3, 1, 2]
0.0000176 <-- [3, 3]
0.0000176 <-- [1, 2, 1, 2]
0.0000177 <-- [1, 5]
0.0000178 <-- [2, 3, 1]
0.0000179 <-- [2, 1, 3]
0.0000179 <-- [2, 1, 1, 2]
0.0000181 <-- [1, 3, 1, 1]
0.0000183 <-- [1, 1, 1, 3]
0.0000184 <-- [1, 4, 1]
0.0000185 <-- [1, 2, 3]
0.0000190 <-- [1, 1, 1, 1, 1, 1]
0.0000191 <-- [3, 1, 1, 1]
0.0000192 <-- [1, 1, 1, 2, 1]
0.0000194 <-- [6]
0.0000195 <-- [4, 2]
0.0000200 <-- [2, 1, 1, 1, 1]
0.0000205 <-- [1, 2, 2, 1]
0.0000215 <-- [2, 4]
0.0000221 <-- [1, 1, 2, 2]
0.0000261 <-- [2, 1, 2, 1]
0.0000314 <-- [1, 1, 3, 1]
0.0000362 <-- [1, 1, 1, 1, 2]
0.0000395 <-- [4, 1, 1]
0.0000551 <-- [5, 1]

write
0.0000199 <-- [2, 2, 1, 1]
0.0000202 <-- [1, 2, 1, 2]
0.0000202 <-- [3, 3]
0.0000203 <-- [2, 1, 3]
0.0000203 <-- [1, 1, 2, 1, 1]
0.0000204 <-- [1, 1, 1, 1, 2]
0.0000205 <-- [1, 1, 4]
0.0000206 <-- [5, 1]
0.0000206 <-- [2, 1, 1, 2]
0.0000207 <-- [2, 3, 1]
0.0000208 <-- [3, 2, 1]
0.0000211 <-- [1, 2, 3]
0.0000211 <-- [1, 3, 1, 1]
0.0000213 <-- [1, 1, 1, 3]
0.0000213 <-- [1, 2, 1, 1, 1]
0.0000216 <-- [6]
0.0000219 <-- [2, 2, 2]
0.0000226 <-- [1, 5]
0.0000227 <-- [3, 1, 1, 1]
0.0000229 <-- [1, 4, 1]
0.0000239 <-- [2, 1, 1, 1, 1]
0.0000239 <-- [1, 2, 2, 1]
0.0000244 <-- [2, 4]
0.0000250 <-- [1, 3, 2]
0.0000260 <-- [1, 1, 2, 2]
0.0000321 <-- [4, 2]
0.0000327 <-- [2, 1, 2, 1]
0.0000367 <-- [1, 1, 3, 1]
0.0000374 <-- [1, 1, 1, 2, 1]
0.0000433 <-- [4, 1, 1]
0.0000461 <-- [3, 1, 2]
0.0000692 <-- [1, 1, 1, 1, 1, 1]

all
0.0000442 <-- [2, 2, 1, 1]
0.0000449 <-- [1, 1, 2, 1, 1]
0.0000455 <-- [3, 3]
0.0000457 <-- [3, 2, 1]
0.0000458 <-- [1, 2, 1, 2]
0.0000460 <-- [1, 1, 4]
0.0000460 <-- [2, 1, 3]
0.0000462 <-- [2, 3, 1]
0.0000464 <-- [1, 2, 1, 1, 1]
0.0000466 <-- [2, 1, 1, 2]
0.0000474 <-- [2, 2, 2]
0.0000475 <-- [1, 3, 1, 1]
0.0000483 <-- [1, 5]
0.0000484 <-- [1, 2, 3]
0.0000489 <-- [1, 1, 1, 3]
0.0000493 <-- [1, 3, 2]
0.0000501 <-- [3, 1, 1, 1]
0.0000504 <-- [1, 4, 1]
0.0000519 <-- [6]
0.0000527 <-- [2, 1, 1, 1, 1]
0.0000538 <-- [1, 2, 2, 1]
0.0000553 <-- [2, 4]
0.0000594 <-- [1, 1, 2, 2]
0.0000594 <-- [4, 2]
0.0000642 <-- [1, 1, 1, 1, 2]
0.0000655 <-- [1, 1, 1, 2, 1]
0.0000714 <-- [2, 1, 2, 1]
0.0000715 <-- [3, 1, 2]
0.0000807 <-- [1, 1, 3, 1]
0.0000829 <-- [5, 1]
0.0001021 <-- [4, 1, 1]
0.0001240 <-- [1, 1, 1, 1, 1, 1]