n=5
max=1000
sample=3
...............................
exists?
0.0000025 <-- [3, 1, 1]
0.0000025 <-- [2, 2, 1]
0.0000025 <-- [2, 1, 2]
0.0000025 <-- [1, 3, 1]
0.0000029 <-- [1, 1, 1, 1, 1]
0.0000029 <-- [1, 1, 2, 1]
0.0000030 <-- [1, 4]
0.0000031 <-- [2, 3]
0.0000031 <-- [1, 2, 1, 1]
0.0000033 <-- [4, 1]
0.0000034 <-- [3, 2]
0.0000035 <-- [1, 1, 3]
0.0000045 <-- [1, 1, 1, 2]
0.0000046 <-- [2, 1, 1, 1]
0.0000046 <-- [1, 2, 2]
0.0000048 <-- [5]

read
0.0000099 <-- [1, 3, 1]
0.0000100 <-- [3, 1, 1]
0.0000107 <-- [1, 1, 3]
0.0000110 <-- [2, 2, 1]
0.0000114 <-- [1, 4]
0.0000118 <-- [1, 1, 2, 1]
0.0000121 <-- [4, 1]
0.0000125 <-- [1, 2, 1, 1]
0.0000127 <-- [2, 1, 2]
0.0000129 <-- [1, 1, 1, 2]
0.0000130 <-- [5]
0.0000139 <-- [2, 3]
0.0000170 <-- [2, 1, 1, 1]
0.0000171 <-- [1, 1, 1, 1, 1]
0.0000181 <-- [3, 2]
0.0000275 <-- [1, 2, 2]

write
0.0000137 <-- [2, 3]
0.0000140 <-- [1, 1, 2, 1]
0.0000142 <-- [2, 1, 2]
0.0000155 <-- [3, 1, 1]
0.0000155 <-- [1, 3, 1]
0.0000156 <-- [4, 1]
0.0000158 <-- [1, 1, 3]
0.0000160 <-- [2, 2, 1]
0.0000162 <-- [3, 2]
0.0000163 <-- [1, 2, 1, 1]
0.0000167 <-- [1, 1, 1, 2]
0.0000170 <-- [2, 1, 1, 1]
0.0000175 <-- [5]
0.0000189 <-- [1, 4]
0.0000206 <-- [1, 1, 1, 1, 1]
0.0000259 <-- [1, 2, 2]

all
0.0000279 <-- [1, 3, 1]
0.0000280 <-- [3, 1, 1]
0.0000287 <-- [1, 1, 2, 1]
0.0000294 <-- [2, 1, 2]
0.0000295 <-- [2, 2, 1]
0.0000300 <-- [1, 1, 3]
0.0000307 <-- [2, 3]
0.0000310 <-- [4, 1]
0.0000319 <-- [1, 2, 1, 1]
0.0000333 <-- [1, 4]
0.0000341 <-- [1, 1, 1, 2]
0.0000353 <-- [5]
0.0000377 <-- [3, 2]
0.0000386 <-- [2, 1, 1, 1]
0.0000406 <-- [1, 1, 1, 1, 1]
0.0000580 <-- [1, 2, 2]