n=5
max=5000
sample=3
...................................................
exists?
0.0000025 <-- [1, 2, 2]
0.0000025 <-- [3, 1, 1]
0.0000025 <-- [2, 1, 2]
0.0000025 <-- [1, 1, 3]
0.0000025 <-- [1, 1, 1, 2]
0.0000027 <-- [1, 1, 2, 1]
0.0000027 <-- [1, 2, 1, 1]
0.0000028 <-- [2, 1, 1, 1]
0.0000029 <-- [1, 1, 1, 1, 1]
0.0000030 <-- [4, 1]
0.0000031 <-- [2, 2, 1]
0.0000031 <-- [3, 2]
0.0000036 <-- [1, 3, 1]
0.0000044 <-- [1, 4]
0.0000058 <-- [5]
0.0000065 <-- [2, 3]

read
0.0000102 <-- [1, 1, 3]
0.0000103 <-- [1, 3, 1]
0.0000106 <-- [2, 3]
0.0000107 <-- [2, 1, 2]
0.0000107 <-- [3, 2]
0.0000108 <-- [3, 1, 1]
0.0000108 <-- [1, 1, 1, 2]
0.0000111 <-- [1, 2, 2]
0.0000111 <-- [2, 1, 1, 1]
0.0000115 <-- [2, 2, 1]
0.0000119 <-- [1, 1, 2, 1]
0.0000119 <-- [1, 2, 1, 1]
0.0000119 <-- [1, 1, 1, 1, 1]
0.0000126 <-- [1, 4]
0.0000141 <-- [5]
0.0000161 <-- [4, 1]

write
0.0000136 <-- [2, 3]
0.0000138 <-- [3, 2]
0.0000140 <-- [2, 1, 2]
0.0000140 <-- [1, 1, 1, 2]
0.0000145 <-- [4, 1]
0.0000145 <-- [1, 1, 3]
0.0000146 <-- [2, 1, 1, 1]
0.0000150 <-- [1, 4]
0.0000150 <-- [1, 2, 1, 1]
0.0000150 <-- [1, 2, 2]
0.0000151 <-- [3, 1, 1]
0.0000153 <-- [1, 3, 1]
0.0000156 <-- [2, 2, 1]
0.0000161 <-- [1, 1, 1, 1, 1]
0.0000164 <-- [1, 1, 2, 1]
0.0000311 <-- [5]

all
0.0000272 <-- [2, 1, 2]
0.0000272 <-- [1, 1, 3]
0.0000273 <-- [1, 1, 1, 2]
0.0000276 <-- [3, 2]
0.0000284 <-- [3, 1, 1]
0.0000285 <-- [2, 1, 1, 1]
0.0000286 <-- [1, 2, 2]
0.0000292 <-- [1, 3, 1]
0.0000296 <-- [1, 2, 1, 1]
0.0000302 <-- [2, 2, 1]
0.0000307 <-- [2, 3]
0.0000309 <-- [1, 1, 1, 1, 1]
0.0000310 <-- [1, 1, 2, 1]
0.0000320 <-- [1, 4]
0.0000336 <-- [4, 1]
0.0000510 <-- [5]
